4.102599113146464
1.7174587173461915
1.4438641611735026
1.297303050465054
1.167051529036628
1.1271630768246121
1.089245652516683
1.065178419854906
1.0537866465250652
1.04381529823939
1.02118241098192
1.0072527537875706
1.0051144695281982
0.9920820815828112
0.965126043425666
0.9538179872300889
0.9420434869130453
0.9259385306570265
0.9083210000991822
0.9030356893539428
0.8925425339804756
0.8862419803407457
0.8712043711344402
0.8624048761791653
0.8504061436123318
0.8433965697818332
0.8297818743917678
0.8240395278930664
0.817737343788147
0.8104373724195693
0.805162630505032
0.800505274242825
0.7913659322526719
0.7884277183214824
0.7844267284075419
0.7776303592787849
0.7733115758895874
0.763930567741394
0.7604553833007812
0.7599961932500203
0.7513676295280457
0.7544162397384644
0.7504471404817369
0.7440663120481703
0.7402175127665201
0.7388841041988796
0.7383325826327006
0.7332582537333171
0.726211287604438
0.7234380462434556
0.7204563400480483
0.7185614542431301
0.7190500885115729
0.7137487337324354
0.7136649563047621
0.7082673696941799
0.7081165794266595
0.7027643100950453
0.7042933705647787
0.7022739609612358
0.6957762745221456
0.6988387065463596
0.6993014181984796
0.6949766924116346
0.6934674660364787
0.6900301239225599
0.6856622416708205
0.6846502305136787
0.6812414151297675
0.6870112413300409
0.6772702139748468
0.6763232086499532
0.6763617793189155
0.6731554395887587
0.6701597606870863
0.669417901939816
0.6670620102352566
0.6642697625690036
0.6658746445443895
0.6629579271740383
0.6632634397082858
0.6607262358665467
0.6593829837375217
0.6559256846110026
0.6570348814328512
0.651909575091468
0.6534801111221313
0.6470161397192213
0.6466155964533488
0.6490174431800843
0.6484498861100939
0.6429918439123365
0.6461492969724867
0.6421078613069322
0.6423543031480577
0.6414712857140435
0.6373324357668558
0.6335878338283962
0.634908472167121
0.636169746822781
