4.676827789518568
1.7177967762417263
1.4766139770083957
1.3556512368520102
1.2820954777399698
1.2228447337680393
1.1799948386086359
1.1440521529515584
1.118003017001682
1.0983955224355062
1.0779434144761828
1.0602302532196044
1.0395153943167792
1.026037171681722
1.0114160940382215
1.0099835849338108
0.9860545970069038
0.9630019023153517
0.9336171742545234
0.9143342325422499
0.9104630788697137
0.9065951921674941
0.8932170466317071
0.8867368819978502
0.8842369976043701
0.8758423270119561
0.871300822575887
0.867464505619473
0.8639126239882575
0.8576063063409594
0.850767632484436
0.8451758257548014
0.8372322863472833
0.8363863605923123
0.8285681618584527
0.8247768100632562
0.8178140046861436
0.8153404739697774
0.8099466408623589
0.8054731274710761
0.7998010364108615
0.8023859072261387
0.7910117633607653
0.7893202024565803
0.7808802099227905
0.7832233075035943
0.775920391506619
0.7717737802929349
0.7703336992793614
0.7641771559715271
0.7626338578859965
0.7606858568191528
0.7617683159510295
0.7564586792522007
0.7475808902316623
0.7444705375565422
0.7481709310743544
0.741301259941525
0.7388694015079075
0.7401776330735949
0.7345329825083414
0.7307707390255398
0.7306850252151489
0.7233443449868097
0.7269211886723836
0.7188946309089661
0.7220424069828457
0.7175799430211385
0.7129038576020135
0.7162429082128736
0.7102235227690803
0.7100782308578492
0.7063371107313368
0.7053262578116523
0.7099541772206625
0.7002467997339037
0.7034495732519361
0.7003970337443881
0.7013484791649712
0.6973668551974826
0.6952309992048475
0.6958824292818705
0.6927890046437581
0.6913556231392755
0.6876617920133803
0.6859104691611396
0.6866897933218215
0.6857112706502279
0.6859398176405165
0.6816561475329929
0.6818422073258295
0.6812634400791592
0.6817610519462162
0.6782456924650404
0.675548287709554
0.6794667593108283
0.6740066070556641
0.672317895465427
0.6692267252604167
0.6731847550074259
