0.960905945248074
0.880125471856859
0.8099589870240953
0.7388476827939351
0.6726972723537021
0.6179891876114739
0.574167581293318
0.5385486123826768
0.5092851175732083
0.4845871145460341
0.4633744648827447
0.44512483538521663
0.42920609174834357
0.4152586604224311
0.4030765750143263
0.39219205538431806
0.3825278962718116
0.37395533715354073
0.3661538699997796
0.3591374960475498
0.35272077584266665
0.3468472943570879
0.34149481884638466
0.33657901753319636
0.33196557768185936
0.3276665387418535
0.32371070085631476
0.32000180639161
0.31653533167309233
0.31327674158414204
0.3101574149661594
0.3072710071139865
0.3045357152356042
0.30194441657596166
0.2994642649491628
0.29710992670059205
0.29485353091028
0.2927430584165785
0.2906858546204037
0.28877083100212947
0.2868545302549998
0.285095226181878
0.28336618216832477
0.28167722654342653
0.28008522510528566
0.2785379747019874
0.277072265042199
0.2755824506017897
0.27426439581976997
0.27292927895651925
0.2715928215450711
0.27032383799552917
0.26912989060084025
0.26795916477839155
0.2668125609821743
0.26570211052894593
0.26461890541182626
0.2636001570622126
0.2626157103644477
0.26159618992275663
0.2606557360092799
0.2597128434446123
0.25882073924276566
0.2579200858010186
0.25703253885110217
0.2562328889634874
0.25543539391623604
0.25463736300998263
0.25382862758636476
0.2530890017615424
0.2523858122030894
0.2516571969323688
0.2509193086889055
0.2502964729468028
0.2496209707260132
0.2489994882212745
0.24832024171617295
0.2476543862024943
0.24704829242494372
0.24648624988396964
0.2458692193031311
0.24528451580471464
0.24476683015293546
0.24421472782558865
0.2436996115843455
0.2431868971851137
0.24262635469436644
0.24215648455089994
0.24164132334126368
0.24112390675809647
0.24069082294570074
0.24023482248518202
0.2397681984371609
0.2393530558877521
0.23890013901392618
0.23847755920886993
0.23806728023952908
0.23763359751966265
0.2372143300374349
0.2368418901761373
